-0.336180 
-0.297082 
-0.258576 
-0.220654 
-0.183308 
-0.146531 
-0.110315 
-0.074653 
-0.039535 
-0.004955 
0.029096 
0.062624 
0.095638 
0.128144 
0.160152 
0.191668 
0.222699 
0.253254 
0.283340 
0.312964 
0.342133 
0.370856 
0.399138 
0.426988 
0.454413 
0.481419 
0.508015 
0.534206 
0.560001 
0.585406 
0.610427 
0.635073 
0.659349 
0.683263 
0.706821 
0.730029 
0.752896 
0.775426 
0.797627 
0.819505 
0.841066 
0.862317 
0.883264 
0.903914 
0.924271 
0.944343 
0.964135 
0.983654 
1.002905 
1.021894 
1.040627 
1.059109 
1.077346 
1.095344 
1.113108 
1.130644 
1.147956 
1.165051 
1.181933 
1.198607 
1.215078 
1.231352 
1.247434 
1.263327 
1.279037 
1.294569 
1.309926 
1.325114 
1.340138 
1.355000 
1.369706 
1.384260 
1.398665 
1.412926 
1.427048 
1.441032 
1.454884 
1.468607 
1.482205 
1.495681 
1.509038 
1.522280 
1.535411 
1.548432 
1.561348 
1.574161 
1.586875 
1.599491 
1.612013 
1.624444 
1.636785 
1.649040 
1.661210 
1.673298 
1.685306 
1.697236 
1.709090 
1.720870 
1.732578 
1.744215 
1.755783 
1.767284 
1.778718 
1.790087 
1.801393 
1.812636 
1.823817 
1.834938 
1.845999 
1.857000 
1.867943 
1.878828 
1.889655 
1.900424 
1.911136 
1.921791 
1.932389 
1.942929 
1.953411 
1.963836 
1.974202 
1.984510 
1.994758 
2.004945 
2.015071 
2.025135 
2.035136 
2.045072 
2.054943 
2.064746 
2.074481 
2.084145 
2.093738 
2.103256 
2.112699 
2.122063 
2.131348 
2.140550 
2.149668 
2.158698 
2.167638 
2.176485 
2.185237 
2.193890 
2.202442 
2.210889 
2.219228 
2.227455 
2.235567 
2.243561 
2.251431 
2.259176 
2.266789 
2.274269 
2.281609 
2.288806 
2.295856 
2.302753 
2.309493 
2.316071 
2.322482 
2.328722 
2.334784 
2.340664 
2.346355 
2.351854 
2.357153 
2.362247 
2.367131 
2.371797 
2.376240 
2.380454 
2.384432 
2.388168 
2.391654 
2.394885 
2.397853 
2.400552 
2.402973 
2.405110 
2.406956 
2.408503 
2.409743 
2.410668 
2.411271 
2.411543 
2.411477 
2.411064 
2.410296 
2.409164 
2.407660 
2.405775 
2.403499 
2.400825 
2.397743 
2.394243 
2.390316 
2.385953 
2.381145 
2.375880 
2.370151 
2.363945 
2.357254 
2.350068 
2.342375 
2.334166 
2.325429 
2.316154 
2.306331 
2.295948 
2.284994 
2.273458 
2.261329 
2.248595 
2.235245 
2.221267 
2.206649 
2.191379 
2.175446 
2.158838 
2.141541 
2.123544 
2.104834 
2.085398 
2.065225 
2.044300 
2.022612 
2.000147 
1.976893 
1.952834 
1.927960 
1.902255 
1.875707 
1.848302 
1.820026 
1.790865 
1.760805 
1.729833 
1.697934 
1.665093 
1.631297 
1.596531 
1.560780 
1.524031 
1.486267 
1.447475 
1.407639 
1.366745 
1.324778 
1.281721 
1.237561 
1.192282 
1.145868 
1.098304 
1.049574 
0.999663 
0.948556 
0.896236 
0.842688 
0.787896 
0.731843 
0.674515 
0.615895 
0.555966 
0.494713 
0.432120 
0.368170 
0.302847 
0.236135 
0.168017 
0.098477 
0.027498 
-0.044935 
-0.118840 
-0.194232 
-0.271129 
-0.349548 
-0.429503 
-0.511013 
-0.594094 
-0.678762 
-0.765034 
-0.852926 
-0.942456 
-1.033639 
-1.126493 
-1.221034 
-1.317278 
-1.415242 
-1.514942 
-1.616396 
-1.719619 
-1.824628 
-1.931439 
-2.040068 
-2.150532 
-2.262847 
-2.377029 
-2.493095 
-2.611059 
-2.730939 
-2.852750 
-2.976508 
-3.102228 
-3.229926 
-3.359618 
-3.491319 
-3.625044 
-3.760809 
-3.898628 
-4.038517 
-4.180490 
-4.324563 
-4.470749 
-4.619063 
-4.769519 
-4.922132 
-5.076915 
-5.233882 
-5.393046 
-5.554422 
-5.718021 
-5.883858 
-6.051946 
-6.222295 
-6.394920 
-6.569832 
-6.747043 
-6.926565 
-7.108409 
-7.292587 
-7.479109 
-7.667987 
-7.859230 
-8.052849 
-8.248853 
-8.447252 
-8.648056 
-8.851273 
-9.056912 
-9.264982 
-9.475489 
-9.688443 
-9.903849 
-10.121716 
-10.342049 
-10.564854 
-10.790138 
-11.017906 
-11.248163 
-11.480913 
-11.716161 
-11.953910 
-12.194163 
-12.436923 
-12.682194 
-12.929975 
-13.180270 
-13.433078 
-13.688401 
-13.946238 
-14.206588 
-14.469450 
-14.734824 
-15.002705 
-15.273092 
-15.545982 
-15.821370 
-16.099251 
-16.379621 
-16.662474 
-16.947803 
-17.235601 
-17.525861 
-17.818574 
-18.113731 
-18.411323 
-18.711339 
-19.013768 
-19.318598 
-19.625816 
-19.935410 
-20.247364 
-20.561665 
-20.878296 
-21.197242 
-21.518484 
-21.842006 
-22.167787 
-22.495808 
-22.826049 
-23.158488 
-23.493103 
-23.829871 
-24.168766 
-24.509765 
-24.852841 
-25.197967 
-25.545116 
-25.894258 
-26.245363 
-26.598400 
-26.953338 
-27.310144 
-27.668782 
-28.029219 
-28.391419 
-28.755342 
-29.120953 
-29.488210 
-29.857073 
-30.227500 
-30.599449 
-30.972875 
-31.347733 
-31.723977 
-32.101557 
-32.480427 
-32.860534 
-33.241828 
-33.624255 
-34.007762 
-34.392294 
-34.777792 
-35.164200 
-35.551457 
-35.939502 
-36.328274 
-36.717709 
-37.107741 
-37.498305 
-37.889331 
-38.280750 
-38.672492 
-39.064484 
-39.456652 
-39.848920 
-40.241211 
-40.633447 
-41.025547 
-41.417430 
-41.809011 
-42.200207 
-42.590929 
-42.981090 
-43.370600 
-43.759367 
-44.147297 
-44.534296 
-44.920265 
-45.305108 
-45.688722 
-46.071006 
-46.451856 
-46.831166 
-47.208828 
-47.584733 
-47.958769 
-48.330824 
-48.700780 
-49.068523 
-49.433933 
-49.796888 
-50.157266 
-50.514943 
-50.869790 
-51.221680 
-51.570482 
-51.916062 
-52.258286 
-52.597018 
-52.932117 
-53.263443 
-53.590852 
-53.914200 
-54.233339 
-54.548120 
-54.858390 
-55.163997 
-55.464783 
-55.760592 
-56.051262 
-56.336631 
-56.616534 
-56.890805 
-57.159273 
-57.421768 
-57.678116 
-57.928140 
-58.171663 
-58.408504 
-58.638480 
-58.861406 
-59.077094 
-59.285354 
-59.485995 
-59.678822 
-59.863637 
-60.040243 
-60.208436 
-60.368013 
-60.518769 
-60.660493 
-60.792975 
-60.916002 
-61.029357 
-61.132822 
-61.226177 
-61.309198 
-61.381659 
-61.443333 
-61.493989 
-61.533394 
-61.561313 
-61.577509 
-61.581740 
-61.573765 
-61.553338 
-61.520211 
-61.474136 
-61.414859 
-61.342126 
-61.255679 
-61.155259 
-61.040604 
-60.911450 
-60.767528 
-60.608571 
-60.434306 
-60.244460 
-60.038755 
-59.816913 
-59.578652 
-59.323690 
-59.051739 
-58.762513 
-58.455719 
-58.131065 
-57.788256 
-57.426994 
-57.046979 
-56.647909 
-56.229481 
-55.791386 
-55.333316 
-54.854960 
-54.356005 
-53.836136 
-53.295035 
-52.732381 
-52.147854 
-51.541130 
-50.911882 
-50.259783 
-49.584502 
-48.885708 
-48.163066 
-47.416242 
-46.644896 
-45.848690 
-45.027282 
-44.180329 
-43.307486 
-42.408405 
-41.482739 
-40.530137 
-39.550248 
-38.542718 
-37.507192 
-36.443313 
-35.350725 
-34.229067 
-33.077979 
-31.897099 
-30.686062 
-29.444506 
-28.172063 
-26.868368 
-25.533051 
-24.165743 
-22.766076 
-21.333676 
-19.868174 
-18.369195 
-16.836366 
-15.269314 
-13.667662 
-12.031036 
-10.359060 
-8.651358 
-6.907551 
-5.127264 
-3.310119 
-1.455738 
0.436256 
2.366242 
4.334596 
6.341696 
8.387920 
10.473645 
12.599247 
14.765103 
16.971588 
19.219077 
21.507946 
23.838567 
26.211313 
28.626556 
31.084666 
33.586014 
36.130967 
38.719892 
41.353154 
44.031118 
46.754145 
49.522595 
52.336828 
55.197200 
58.104064 
61.057773 
64.058677 
67.107122 
70.203454 
73.348014 
76.541142 
79.783174 
83.074442 
86.415277 
89.806005 
93.246949 
96.738428 
100.280758 
103.874251 
107.519215 
111.215952 
114.964763 
118.765941 
122.619777 
126.526557 
130.486560 
134.500061 
138.567332 
142.688636 
146.864232 
151.094375 
155.379310 
159.719280 
164.114520 
168.565258 
173.071717 
177.634111 
182.252650 
186.927533 
191.658956 
196.447105 
201.292158 
206.194287 
211.153653 
216.170412 
221.244709 
226.376683 
231.566460 
236.814161 
242.119896 
247.483765 
252.905859 
258.386260 
263.925037 
269.522252 
275.177954 
280.892182 
286.664964 
292.496318 
298.386247 
304.334747 
310.341798 
316.407369 
322.531418 
328.713889 
334.954713 
341.253809 
347.611080 
354.026418 
360.499701 
367.030790 
373.619535 
380.265769 
386.969312 
393.729965 
400.547519 
407.421744 
414.352397 
421.339218 
428.381931 
435.480240 
442.633837 
449.842393 
457.105561 
464.422977 
471.794261 
479.219010 
486.696804 
494.227206 
501.809755 
509.443975 
517.129367 
524.865411 
532.651569 
540.487280 
548.371962 
556.305012 
564.285803 
572.313690 
580.388000 
588.508041 
596.673097 
604.882427 
613.135267 
621.430829 
629.768301 
638.146845 
646.565597 
655.023671 
663.520150 
672.054096 
680.624540 
689.230489 
697.870922 
706.544789 
715.251015 
723.988493 
732.756090 
741.552644 
750.376963 
759.227824 
768.103976 
777.004137 
785.926994 
794.871203 
803.835389 
812.818143 
821.818028 
830.833570 
839.863265 
848.905574 
857.958926 
867.021716 
876.092302 
885.169010 
894.250130 
903.333917 
912.418590 
921.502331 
930.583287 
939.659567 
948.729242 
957.790348 
966.840880 
975.878797 
984.902019 
993.908425 
1002.895857 
1011.862115 
1020.804961 
1029.722116 
1038.611258 
1047.470026 
1056.296018 
1065.086787 
1073.839847 
1082.552668 
1091.222676 
1099.847256 
1108.423748 
1116.949447 
1125.421605 
1133.837429 
1142.194081 
1150.488677 
1158.718289 
1166.879941 
1174.970611 
1182.987231 
1190.926686 
1198.785813 
1206.561402 
1214.250194 
1221.848883 
1229.354113 
1236.762481 
1244.070533 
1251.274766 
1258.371628 
1265.357516 
1272.228777 
1278.981707 
1285.612552 
1292.117505 
1298.492711 
1304.734259 
1310.838188 
1316.800487 
1322.617088 
1328.283874 
1333.796674 
1339.151263 
1344.343363 
1349.368644 
1354.222719 
1358.901150 
1363.399443 
1367.713052 
1371.837372 
1375.767748 
1379.499468 
1383.027764 
1386.347815 
1389.454742 
1392.343613 
1395.009439 
1397.447176 
1399.651724 
1401.617927 
1403.340572 
1404.814391 
1406.034060 
1406.994199 
1407.689371 
1408.114082 
1408.262783 
1408.129868 
1407.709675 
1406.996486 
1405.984525 
1404.667962 
1403.040909 
1401.097423 
1398.831503 
1396.237094 
1393.308084 
1390.038306 
1386.421535 
1382.451493 
1378.121845 
1373.426201 
1368.358117 
1362.911092 
1357.078572 
1350.853946 
1344.230552 
1337.201672 
1329.760535 
1321.900315 
1313.614134 
1304.895062 
1295.736114 
1286.130255 
1276.070396 
1265.549400 
1254.560075 
1243.095180 
1231.147425 
1218.709468 
1205.773920 
1192.333342 
1178.380245 
1163.907097 
1148.906313 
1133.370267 
1117.291282 
1100.661640 
1083.473576 
1065.719280 
1047.390901 
1028.480544 
1008.980272 
988.882108 
968.178034 
946.859991 
924.919883 
902.349575 
879.140897 
855.285640 
830.775563 
805.602387 
779.757802 
753.233467 
726.021008 
698.112019 
669.498070 
640.170698 
610.121417 
579.341712 
547.823047 
515.556859 
482.534567 
448.747567 
414.187236 
378.844933 
342.712001 
305.779768 
268.039546 
229.482638 
190.100334 
149.883916 
108.824658 
66.913827 
24.142686 
-19.497502 
-64.015478 
-109.419983 
-155.719752 
-202.923519 
-251.040009 
-300.077940 
-350.046022 
-400.952950 
-452.807407 
-505.618058 
-559.393552 
-614.142517 
-669.873558 
-726.595256 
-784.316166 
-843.044813 
-902.789691 
-963.559260 
-1025.361943 
-1088.206127 
-1152.100156 
-1217.052331 
-1283.070907 
-1350.164091 
-1418.340037 
-1487.606846 
-1557.972563 
-1629.445173 
-1702.032597 
-1775.742694 
-1850.583253 
-1926.561992 
-2003.686556 
-2081.964511 
-2161.403345 
-2242.010461 
-2323.793178 
-2406.758722 
-2490.914229 
-2576.266737 
-2662.823186 
-2750.590410 
-2839.575141 
-2929.783996 
-3021.223482 
-3113.899988 
-3207.819781 
-3302.989005 
-3399.413675 
-3497.099674 
-3596.052748 
-3696.278506 
-3797.782410 
-3900.569775 
-4004.645765 
-4110.015389 
-4216.683492 
-4324.654759 
-4433.933703 
-4544.524666 
-4656.431812 
-4769.659124 
-4884.210397 
-5000.089236 
-5117.299052 
-5235.843055 
-5355.724250 
-5476.945432 
-5599.509183 
-5723.417867 
-5848.673621 
-5975.278355 
-6103.233746 
-6232.541229 
-6363.201998 
-6495.216996 
-6628.586911 
-6763.312174 
-6899.392947 
-7036.829125 
-7175.620325 
-7315.765882 
-7457.264847 
-7600.115975 
-7744.317724 
-7889.868249 
-8036.765394 
-8185.006688 
-8334.589338 
-8485.510225 
-8637.765894 
-8791.352554 

